52.38095238095239
52.38095238095239
52.38095238095239
40.0
40.0
40.0
44.44444444444444
44.44444444444444
44.44444444444444
33.33333333333333
33.33333333333333
33.33333333333333
46.15384615384615
46.15384615384615
46.15384615384615
37.5
37.5
37.5
36.36363636363637
36.36363636363637
36.36363636363637
27.27272727272727
40.0
40.0
40.0
45.45454545454545
45.45454545454545
45.45454545454545
45.45454545454545
45.45454545454545
45.45454545454545
37.5
37.5
37.5
33.33333333333333
33.33333333333333
33.33333333333333
41.17647058823529
41.17647058823529
41.17647058823529
37.5
37.5
37.5
29.411764705882355
29.411764705882355
29.411764705882355
50.0
50.0
50.0
44.44444444444444
44.44444444444444
44.44444444444444
42.857142857142854
42.857142857142854
42.857142857142854
40.0
40.0
40.0
30.76923076923077
30.76923076923077
30.76923076923077
42.857142857142854
42.857142857142854
42.857142857142854
45.45454545454545
45.45454545454545
45.45454545454545
30.0
30.0
30.0
45.45454545454545
45.45454545454545
45.45454545454545
31.25
31.25
31.25
23.076923076923077
23.076923076923077
23.076923076923077
27.27272727272727
27.27272727272727
27.27272727272727
33.33333333333333
33.33333333333333
33.33333333333333
40.0
40.0
40.0
28.57142857142857
28.57142857142857
28.57142857142857
36.36363636363637
36.36363636363637
36.36363636363637
31.25
31.25
31.25
23.076923076923077
23.076923076923077
23.076923076923077
37.5
37.5
37.5
54.54545454545454
54.54545454545454
54.54545454545454
50.0
50.0
50.0
40.0
40.0
40.0
23.076923076923077
23.076923076923077
23.076923076923077
47.05882352941176
47.05882352941176
47.05882352941176
45.45454545454545
45.45454545454545
45.45454545454545
36.36363636363637
36.36363636363637
36.36363636363637
45.45454545454545
45.45454545454545
45.45454545454545
36.36363636363637
36.36363636363637
36.36363636363637
50.0
50.0
50.0
57.14285714285714
57.14285714285714
57.14285714285714
41.66666666666667
41.66666666666667
41.66666666666667
36.36363636363637
36.36363636363637
36.36363636363637
42.857142857142854
42.857142857142854
42.857142857142854
60.0
60.0
60.0
43.75
43.75
43.75
25.0
25.0
25.0
38.88888888888889
38.88888888888889
38.88888888888889
55.55555555555556
55.55555555555556
55.55555555555556
40.0
40.0
40.0
50.0
50.0
50.0
46.15384615384615
46.15384615384615
46.15384615384615
30.76923076923077
30.76923076923077
30.76923076923077
13.333333333333334
13.333333333333334
13.333333333333334
38.88888888888889
38.88888888888889
38.88888888888889
46.15384615384615
46.15384615384615
46.15384615384615
33.33333333333333
33.33333333333333
33.33333333333333
36.36363636363637
36.36363636363637
36.36363636363637
42.857142857142854
42.857142857142854
42.857142857142854
38.46153846153847
38.46153846153847
38.46153846153847
38.46153846153847
38.46153846153847
38.46153846153847
53.84615384615385
53.84615384615385
53.84615384615385
33.33333333333333
33.33333333333333
33.33333333333333
45.45454545454545
45.45454545454545
45.45454545454545
16.666666666666664
16.666666666666664
16.666666666666664
46.15384615384615
46.15384615384615
46.15384615384615
30.0
30.0
30.0
31.57894736842105
31.57894736842105
31.57894736842105
38.88888888888889
38.88888888888889
38.88888888888889
23.52941176470588
23.52941176470588
23.52941176470588
33.33333333333333
33.33333333333333
33.33333333333333
25.0
25.0
25.0
42.857142857142854
42.857142857142854
42.857142857142854
60.0
60.0
60.0
41.66666666666667
41.66666666666667
41.66666666666667
31.25
31.25
31.25
44.44444444444444
44.44444444444444
44.44444444444444
57.14285714285714
57.14285714285714
57.14285714285714
41.66666666666667
41.66666666666667
41.66666666666667
33.33333333333333
33.33333333333333
33.33333333333333
45.45454545454545
45.45454545454545
45.45454545454545
50.0
50.0
50.0
27.27272727272727
27.27272727272727
27.27272727272727
42.857142857142854
42.857142857142854
42.857142857142854
41.66666666666667
41.66666666666667
41.66666666666667
50.0
50.0
50.0
31.57894736842105
31.57894736842105
31.57894736842105
36.36363636363637
36.36363636363637
36.36363636363637
45.45454545454545
45.45454545454545
45.45454545454545
33.33333333333333
33.33333333333333
33.33333333333333
26.666666666666668
26.666666666666668
26.666666666666668
36.36363636363637
36.36363636363637
36.36363636363637
25.0
25.0
25.0
40.0
40.0
40.0
41.66666666666667
41.66666666666667
41.66666666666667
52.38095238095239
52.38095238095239
52.38095238095239
40.0
40.0
40.0
44.44444444444444
33.33333333333333
33.33333333333333
33.33333333333333
46.15384615384615
46.15384615384615
46.15384615384615
37.5
37.5
37.5
36.36363636363637
36.36363636363637
36.36363636363637
27.27272727272727
40.0
45.45454545454545
45.45454545454545
45.45454545454545
45.45454545454545
45.45454545454545
45.45454545454545
37.5
37.5
37.5
33.33333333333333
33.33333333333333
33.33333333333333
41.17647058823529
41.17647058823529
41.17647058823529
37.5
37.5
37.5
29.411764705882355
29.411764705882355
29.411764705882355
50.0
50.0
50.0
44.44444444444444
44.44444444444444
44.44444444444444
42.857142857142854
42.857142857142854
42.857142857142854
40.0
40.0
40.0
30.76923076923077
30.76923076923077
30.76923076923077
42.857142857142854
42.857142857142854
42.857142857142854
45.45454545454545
45.45454545454545
45.45454545454545
30.0
30.0
30.0
45.45454545454545
45.45454545454545
45.45454545454545
31.25
31.25
31.25
23.076923076923077
23.076923076923077
23.076923076923077
27.27272727272727
27.27272727272727
27.27272727272727
33.33333333333333
33.33333333333333
33.33333333333333
40.0
40.0
40.0
28.57142857142857
28.57142857142857
28.57142857142857
36.36363636363637
31.25
31.25
31.25
23.076923076923077
23.076923076923077
23.076923076923077
37.5
37.5
37.5
54.54545454545454
54.54545454545454
54.54545454545454
50.0
50.0
50.0
40.0
40.0
40.0
23.076923076923077
47.05882352941176
47.05882352941176
47.05882352941176
45.45454545454545
45.45454545454545
45.45454545454545
36.36363636363637
36.36363636363637
36.36363636363637
45.45454545454545
45.45454545454545
45.45454545454545
36.36363636363637
36.36363636363637
36.36363636363637
50.0
50.0
50.0
57.14285714285714
57.14285714285714
57.14285714285714
41.66666666666667
41.66666666666667
41.66666666666667
36.36363636363637
36.36363636363637
36.36363636363637
42.857142857142854
42.857142857142854
42.857142857142854
60.0
60.0
60.0
43.75
43.75
43.75
25.0
25.0
25.0
38.88888888888889
38.88888888888889
38.88888888888889
55.55555555555556
55.55555555555556
55.55555555555556
40.0
40.0
40.0
50.0
50.0
50.0
46.15384615384615
46.15384615384615
46.15384615384615
30.76923076923077
30.76923076923077
30.76923076923077
13.333333333333334
38.88888888888889
38.88888888888889
38.88888888888889
46.15384615384615
46.15384615384615
46.15384615384615
33.33333333333333
33.33333333333333
33.33333333333333
36.36363636363637
36.36363636363637
36.36363636363637
42.857142857142854
42.857142857142854
42.857142857142854
38.46153846153847
38.46153846153847
38.46153846153847
38.46153846153847
38.46153846153847
38.46153846153847
53.84615384615385
53.84615384615385
53.84615384615385
33.33333333333333
33.33333333333333
33.33333333333333
45.45454545454545
45.45454545454545
45.45454545454545
16.666666666666664
16.666666666666664
16.666666666666664
46.15384615384615
46.15384615384615
46.15384615384615
30.0
30.0
30.0
31.57894736842105
31.57894736842105
31.57894736842105
38.88888888888889
38.88888888888889
38.88888888888889
23.52941176470588
23.52941176470588
23.52941176470588
33.33333333333333
33.33333333333333
33.33333333333333
25.0
25.0
25.0
42.857142857142854
42.857142857142854
42.857142857142854
60.0
60.0
60.0
41.66666666666667
41.66666666666667
41.66666666666667
31.25
31.25
31.25
44.44444444444444
44.44444444444444
44.44444444444444
57.14285714285714
57.14285714285714
57.14285714285714
41.66666666666667
41.66666666666667
41.66666666666667
33.33333333333333
33.33333333333333
33.33333333333333
45.45454545454545
45.45454545454545
45.45454545454545
50.0
50.0
50.0
27.27272727272727
42.857142857142854
42.857142857142854
42.857142857142854
41.66666666666667
41.66666666666667
41.66666666666667
50.0
50.0
50.0
31.57894736842105
31.57894736842105
31.57894736842105
36.36363636363637
36.36363636363637
36.36363636363637
45.45454545454545
45.45454545454545
45.45454545454545
33.33333333333333
33.33333333333333
33.33333333333333
26.666666666666668
26.666666666666668
26.666666666666668
36.36363636363637
36.36363636363637
36.36363636363637
25.0
25.0
25.0
40.0
40.0
40.0
41.66666666666667
41.66666666666667
41.66666666666667
52.38095238095239
52.38095238095239
52.38095238095239
40.0
40.0
40.0
44.44444444444444
44.44444444444444
44.44444444444444
33.33333333333333
33.33333333333333
33.33333333333333
46.15384615384615
46.15384615384615
46.15384615384615
37.5
37.5
37.5
36.36363636363637
36.36363636363637
36.36363636363637
27.27272727272727
40.0
45.45454545454545
45.45454545454545
45.45454545454545
45.45454545454545
45.45454545454545
45.45454545454545
37.5
37.5
37.5
33.33333333333333
33.33333333333333
33.33333333333333
41.17647058823529
41.17647058823529
41.17647058823529
37.5
37.5
37.5
29.411764705882355
29.411764705882355
29.411764705882355
50.0
50.0
50.0
44.44444444444444
44.44444444444444
44.44444444444444
42.857142857142854
42.857142857142854
42.857142857142854
40.0
40.0
40.0
30.76923076923077
30.76923076923077
30.76923076923077
42.857142857142854
42.857142857142854
42.857142857142854
45.45454545454545
45.45454545454545
45.45454545454545
30.0
30.0
30.0
45.45454545454545
45.45454545454545
45.45454545454545
31.25
31.25
31.25
23.076923076923077
23.076923076923077
23.076923076923077
27.27272727272727
27.27272727272727
27.27272727272727
33.33333333333333
33.33333333333333
33.33333333333333
40.0
40.0
40.0
28.57142857142857
28.57142857142857
28.57142857142857
36.36363636363637
36.36363636363637
36.36363636363637
31.25
31.25
31.25
23.076923076923077
23.076923076923077
23.076923076923077
37.5
37.5
37.5
54.54545454545454
54.54545454545454
54.54545454545454
50.0
50.0
50.0
40.0
40.0
40.0
23.076923076923077
23.076923076923077
23.076923076923077
47.05882352941176
47.05882352941176
47.05882352941176
45.45454545454545
45.45454545454545
45.45454545454545
36.36363636363637
36.36363636363637
36.36363636363637
45.45454545454545
45.45454545454545
45.45454545454545
36.36363636363637
36.36363636363637
36.36363636363637
50.0
50.0
50.0
57.14285714285714
57.14285714285714
57.14285714285714
41.66666666666667
41.66666666666667
41.66666666666667
36.36363636363637
36.36363636363637
36.36363636363637
42.857142857142854
42.857142857142854
42.857142857142854
60.0
60.0
60.0
43.75
43.75
43.75
25.0
25.0
25.0
38.88888888888889
38.88888888888889
38.88888888888889
55.55555555555556
55.55555555555556
55.55555555555556
40.0
40.0
40.0
50.0
50.0
50.0
46.15384615384615
46.15384615384615
46.15384615384615
30.76923076923077
30.76923076923077
30.76923076923077
13.333333333333334
13.333333333333334
13.333333333333334
38.88888888888889
38.88888888888889
38.88888888888889
46.15384615384615
46.15384615384615
46.15384615384615
33.33333333333333
33.33333333333333
33.33333333333333
36.36363636363637
36.36363636363637
36.36363636363637
42.857142857142854
42.857142857142854
42.857142857142854
38.46153846153847
38.46153846153847
38.46153846153847
38.46153846153847
38.46153846153847
38.46153846153847
53.84615384615385
53.84615384615385
53.84615384615385
33.33333333333333
33.33333333333333
33.33333333333333
45.45454545454545
45.45454545454545
45.45454545454545
16.666666666666664
16.666666666666664
16.666666666666664
46.15384615384615
46.15384615384615
46.15384615384615
30.0
30.0
30.0
31.57894736842105
31.57894736842105
31.57894736842105
38.88888888888889
38.88888888888889
38.88888888888889
23.52941176470588
23.52941176470588
23.52941176470588
33.33333333333333
33.33333333333333
33.33333333333333
25.0
25.0
25.0
42.857142857142854
42.857142857142854
42.857142857142854
60.0
60.0
60.0
41.66666666666667
41.66666666666667
41.66666666666667
31.25
31.25
31.25
44.44444444444444
44.44444444444444
44.44444444444444
57.14285714285714
57.14285714285714
57.14285714285714
41.66666666666667
41.66666666666667
41.66666666666667
33.33333333333333
33.33333333333333
33.33333333333333
45.45454545454545
45.45454545454545
45.45454545454545
50.0
50.0
50.0
27.27272727272727
27.27272727272727
27.27272727272727
42.857142857142854
42.857142857142854
42.857142857142854
41.66666666666667
41.66666666666667
41.66666666666667
50.0
50.0
50.0
31.57894736842105
31.57894736842105
31.57894736842105
36.36363636363637
36.36363636363637
36.36363636363637
45.45454545454545
45.45454545454545
45.45454545454545
33.33333333333333
33.33333333333333
33.33333333333333
26.666666666666668
26.666666666666668
26.666666666666668
36.36363636363637
36.36363636363637
36.36363636363637
25.0
25.0
25.0
40.0
40.0
40.0
41.66666666666667
41.66666666666667
41.66666666666667
41.66666666666667
41.66666666666667
50.0
50.0
28.57142857142857
28.57142857142857
42.857142857142854
42.857142857142854
50.0
50.0
37.142857142857146
37.142857142857146
45.45454545454545
45.45454545454545
23.25581395348837
23.25581395348837
41.66666666666667
41.66666666666667
35.0
35.0
27.27272727272727
27.27272727272727
35.714285714285715
35.714285714285715
46.51162790697674
46.51162790697674
27.77777777777778
27.77777777777778
21.428571428571427
21.428571428571427
42.857142857142854
13.333333333333334
13.333333333333334
50.0
50.0
41.935483870967744
41.935483870967744
38.095238095238095
38.095238095238095
14.285714285714285
14.285714285714285
28.205128205128204
28.205128205128204
28.57142857142857
28.57142857142857
33.33333333333333
33.33333333333333
30.76923076923077
30.76923076923077
41.935483870967744
41.935483870967744
15.789473684210526
15.789473684210526
26.666666666666668
26.666666666666668
27.27272727272727
27.27272727272727
50.0
50.0
34.090909090909086
34.090909090909086
12.0
35.55555555555556
35.55555555555556
6.976744186046512
12.0
50.0
50.0
9.375
6.896551724137931
24.324324324324326
24.324324324324326
37.5
37.5
45.0
45.0
47.368421052631575
47.368421052631575
41.935483870967744
41.935483870967744
43.333333333333336
43.333333333333336
35.483870967741936
35.483870967741936
29.78723404255319
29.78723404255319
20.0
20.0
16.216216216216218
16.216216216216218
35.294117647058826
35.294117647058826
41.66666666666667
41.66666666666667
22.727272727272727
22.727272727272727
18.181818181818183
18.181818181818183
48.484848484848484
48.484848484848484
33.33333333333333
33.33333333333333
40.0
40.0
24.0
24.0
17.647058823529413
17.647058823529413
25.0
25.0
20.0
20.0
45.0
45.0
25.0
25.0
35.294117647058826
35.294117647058826
40.0
40.0
31.57894736842105
31.57894736842105
47.05882352941176
47.05882352941176
50.0
50.0
30.0
30.0
29.411764705882355
29.411764705882355
26.666666666666668
26.666666666666668
50.0
50.0
36.36363636363637
36.36363636363637
31.818181818181817
31.818181818181817
54.166666666666664
54.166666666666664
38.0
38.0
36.36363636363637
36.36363636363637
60.86956521739131
60.86956521739131
28.57142857142857
28.57142857142857
30.76923076923077
30.76923076923077
33.33333333333333
33.33333333333333
37.03703703703704
37.03703703703704
41.935483870967744
41.935483870967744
34.61538461538461
34.61538461538461
38.23529411764706
38.23529411764706
44.44444444444444
44.44444444444444
38.46153846153847
38.46153846153847
50.0
50.0
26.666666666666668
26.666666666666668
9.375
9.375
60.86956521739131
60.86956521739131
22.22222222222222
22.22222222222222
44.18604651162791
44.18604651162791
13.043478260869565
33.33333333333333
33.33333333333333
44.44444444444444
44.44444444444444
31.57894736842105
31.57894736842105
44.44444444444444
44.44444444444444
61.904761904761905
61.904761904761905
30.76923076923077
30.76923076923077
47.368421052631575
47.368421052631575
43.75
43.75
41.17647058823529
41.17647058823529
50.0
50.0
14.583333333333334
14.583333333333334
48.484848484848484
48.484848484848484
37.03703703703704
37.03703703703704
37.5
37.5
50.0
50.0
50.0
50.0
31.03448275862069
31.03448275862069
33.33333333333333
16.94915254237288
16.94915254237288
17.391304347826086
17.391304347826086
36.0
36.0
5.825242718446602
23.52941176470588
23.52941176470588
44.0
44.0
15.0
15.0
16.0
33.33333333333333
33.33333333333333
15.789473684210526
44.44444444444444
44.44444444444444
33.33333333333333
33.33333333333333
53.84615384615385
53.84615384615385
4.411764705882353
4.411764705882353
30.434782608695656
30.434782608695656
33.33333333333333
25.0
25.0
33.33333333333333
33.33333333333333
4.819277108433735
38.70967741935484
38.70967741935484
25.842696629213485
25.842696629213485
40.909090909090914
40.909090909090914
43.333333333333336
43.333333333333336
50.0
50.0
36.84210526315789
36.84210526315789
42.857142857142854
42.857142857142854
46.666666666666664
46.666666666666664
41.66666666666667
41.66666666666667
40.54054054054054
40.54054054054054
27.77777777777778
27.77777777777778
50.0
50.0
40.0
40.0
33.87096774193548
33.87096774193548
42.10526315789473
42.10526315789473
10.256410256410255
10.256410256410255
41.66666666666667
41.66666666666667
40.909090909090914
40.909090909090914
43.75
43.75
54.83870967741935
54.83870967741935
28.57142857142857
28.57142857142857
44.44444444444444
44.44444444444444
31.25
31.25
50.0
50.0
50.0
50.0
11.538461538461538
18.181818181818183
43.75
43.75
33.33333333333333
33.33333333333333
22.22222222222222
22.22222222222222
30.434782608695656
30.434782608695656
40.0
40.0
6.0
6.0
10.526315789473683
10.526315789473683
46.15384615384615
46.15384615384615
50.0
50.0
42.857142857142854
42.857142857142854
17.647058823529413
45.83333333333333
45.83333333333333
47.05882352941176
47.05882352941176
50.0
50.0
22.22222222222222
45.45454545454545
45.45454545454545
50.0
37.5
37.5
13.333333333333334
13.333333333333334
50.0
50.0
45.45454545454545
45.45454545454545
42.30769230769231
42.30769230769231
19.148936170212767
19.148936170212767
50.0
50.0
38.46153846153847
38.46153846153847
42.857142857142854
42.857142857142854
44.44444444444444
44.44444444444444
50.0
50.0
44.827586206896555
44.827586206896555
43.75
43.75
12.5
12.5
41.37931034482759
41.37931034482759
40.0
40.0
10.714285714285714
10.714285714285714
42.857142857142854
42.857142857142854
53.84615384615385
53.84615384615385
50.0
50.0
40.0
40.0
42.10526315789473
42.10526315789473
36.36363636363637
36.36363636363637
13.636363636363635
40.0
40.0
38.095238095238095
38.095238095238095
20.0
20.0
